120.17 22.8 30.0
120.12 23.2 12.0
120.48 23.02 20.0
120.39 23.57 10.0
120.97 21.67 14.0
120.57 21.63 33.0
120.79 22.26 16.0
120.75 22.26 36.0
120.84 22.98 8.0
120.66 22.89 20.0
120.84 23.02 8.0
120.71 23.61 14.0
120.71 23.75 24.0
120.97 24.01 20.0
121.47 21.32 39.0
121.15 21.85 33.0
121.2 21.72 54.0
121.33 21.94 66.0
121.07 22.44 14.0
121.38 22.4 24.0
121.29 22.22 42.0
121.47 22.17 84.0
121.25 22.93 6.0
121.38 22.62 24.0
121.2 22.8 42.0
121.29 23.25 8.0
121.43 23.43 22.0
121.38 23.02 45.0
121.47 23.66 8.0
121.47 23.97 22.0
121.02 24.01 14.0
121.02 24.06 24.0
121.02 24.1 48.0
121.38 24.1 66.0
121.56 21.85 4.0
121.65 21.76 20.0
121.51 21.5 78.0
121.51 21.63 84.0
121.51 22.12 33.0
121.61 22.84 8.0
121.65 22.75 20.0
121.51 22.62 120.0
121.51 23.48 24.0
121.61 23.25 45.0
121.79 23.79 16.0
121.56 23.75 28.0
121.65 23.52 48.0
121.74 24.19 12.0
121.92 24.15 30.0
121.69 24.33 48.0
121.74 24.28 60.0
121.96 24.69 8.0
121.92 24.51 39.0
121.61 24.65 54.0
121.92 24.56 60.0
121.88 24.78 84.0
121.88 24.92 108.0
121.96 25.36 8.0
122.32 22.4 20.0
122.14 23.11 33.0
122.46 23.75 28.0
122.28 24.01 28.0
122.42 24.28 48.0
122.46 24.38 72.0
122.01 24.74 6.0
122.1 24.56 48.0
122.01 24.65 60.0
122.24 24.78 96.0
122.06 24.87 102.0
122.1 24.96 126.0
122.32 25.18 172.0
122.55 23.92 28.0
122.68 24.1 16.0
122.55 24.01 33.0
122.96 24.38 54.0
122.64 24.47 72.0
122.64 24.78 14.0
122.82 24.56 72.0
122.55 24.65 96.0
122.82 24.56 102.0
122.64 24.74 120.0
122.91 25.32 180.0
122.32 25.36 180.0
120.39 22.62 39.0
121.61 25.14 138.0
121.79 25.09 138.0
121.61 21.14 180.0
