BHZ    1  -14.65333   61.18667    0.16000    0.91458   -0.20405
BHR    1    1.06667   58.98667    0.92000    0.94663   -0.58877
BHZ    1    0.10667   64.54667    1.28000    0.91989   -0.46130
BHR    1   19.02667   77.46667    1.88000    0.85786    0.37063
BHZ    1   12.42667   60.94667    0.72000    0.97374    0.05268
BHR    1    0.62667   56.18667    1.20000    0.96848   -0.10565
BHZ    1    4.82667   58.94667    1.24000    0.85309   -0.29440
BHZ    1   18.22667   74.54667   -0.56000    0.93452   -0.27238
BHR    1   21.06667   70.26667    3.80000    0.66888   -0.01109
BHZ    1   20.98667   89.46667    0.64000    0.73810   -0.34605
BHR    1   14.70667   68.42667    0.60000    0.93569   -0.24339
BHT    1   16.70667   67.38667    1.40000    0.90238    0.85922
BHZ    1   15.02667   82.34667    1.00000    0.92200   -0.37695
BHZ    1    1.98667   61.54667   -0.04000    0.91865    0.09416
