>
0 0.5297 0.0
1.066670 0.529700 0.000000
1.066670 0.529700 1.000000
58.986670 0.529700 1.000000
58.986670 0.529700 0.000000
119.99 0.5297 0.0
>
0 0.9842 0.0
19.026670 0.984200 0.000000
19.026670 0.984200 1.000000
77.466670 0.984200 1.000000
77.466670 0.984200 0.000000
119.99 0.9842 0.0
>
0 0.4397 0.0
0.626670 0.439700 0.000000
0.626670 0.439700 1.000000
56.186670 0.439700 1.000000
56.186670 0.439700 0.000000
119.99 0.4397 0.0
>
0 1.1298 0.0
21.066670 1.129800 0.000000
21.066670 1.129800 1.000000
70.266670 1.129800 1.000000
70.266670 1.129800 0.000000
119.99 1.1298 0.0
>
0 0.7692 0.0
14.706670 0.769200 0.000000
14.706670 0.769200 1.000000
68.426670 0.769200 1.000000
68.426670 0.769200 0.000000
119.99 0.7692 0.0
