>
0 0.3026 0.0
-14.653330 0.302600 0.000000
-14.653330 0.302600 1.000000
61.186670 0.302600 1.000000
61.186670 0.302600 0.000000
119.99 0.3026 0.0
>
0 0.5297 0.0
0.106670 0.529700 0.000000
0.106670 0.529700 1.000000
64.546670 0.529700 1.000000
64.546670 0.529700 0.000000
119.99 0.5297 0.0
>
0 0.4673 0.0
12.426670 0.467300 0.000000
12.426670 0.467300 1.000000
60.946670 0.467300 1.000000
60.946670 0.467300 0.000000
119.99 0.4673 0.0
>
0 0.4397 0.0
4.826670 0.439700 0.000000
4.826670 0.439700 1.000000
58.946670 0.439700 1.000000
58.946670 0.439700 0.000000
119.99 0.4397 0.0
>
0 0.9605 0.0
18.226670 0.960500 0.000000
18.226670 0.960500 1.000000
74.546670 0.960500 1.000000
74.546670 0.960500 0.000000
119.99 0.9605 0.0
>
0 1.2045 0.0
20.986670 1.204500 0.000000
20.986670 1.204500 1.000000
89.466670 1.204500 1.000000
89.466670 1.204500 0.000000
119.99 1.2045 0.0
>
0 0.7692 0.0
15.026670 0.769200 0.000000
15.026670 0.769200 1.000000
82.346670 0.769200 1.000000
82.346670 0.769200 0.000000
119.99 0.7692 0.0
>
0 0.5241 0.0
1.986670 0.524100 0.000000
1.986670 0.524100 1.000000
61.546670 0.524100 1.000000
61.546670 0.524100 0.000000
119.99 0.5241 0.0
