>
23.900000 121.500000
24.200000 121.600000
>
23.900000 121.500000
24.400000 121.400000
>
23.900000 121.500000
24.400000 121.400000
>
23.900000 121.500000
24.800000 121.000000
>
23.900000 121.500000
23.800000 121.000000
>
23.900000 121.500000
24.300000 121.200000
>
23.900000 121.500000
24.300000 121.200000
>
23.900000 121.500000
23.300000 120.600000
>
23.900000 121.500000
22.800000 121.100000
>
23.900000 121.500000
25.100000 121.800000
>
23.900000 121.500000
24.700000 121.400000
>
23.900000 121.500000
24.700000 121.400000
>
23.900000 121.500000
24.700000 121.400000
>
23.900000 121.500000
23.400000 121.300000
