CHKH.TW.BHZ   CHKH    TW BHZ     1   7  0.149500E+01  0.432250E+02  0.102270E+01  0.192827E+00  0.137365E+01  0.681078E-01  0.142095E+01 -0.310296E+00  0.165750E+01 -0.184537E+00  0.100000E+01  0.500000E+00  0.100000E+01  0.500000E+00  0.384885E-05  0.556696E-05  0.432843E-05  0.417625E+02  0.419711E-05  0.578466E-05  0.488319E-05  0.180017E+03  0.102270E+01  0.192827E+00     12.383255     11.575652
DYSB.TW.BHZ   DYSB    TW BHZ     1   7  0.234000E+02  0.550225E+02  0.201800E-01  0.576050E-01  0.189365E-01  0.130641E+00 -0.198422E+00  0.219190E+00 -0.195000E+00  0.330237E+00  0.100200E+01  0.646058E+00  0.100200E+01  0.646058E+00  0.543457E-08  0.280753E-08  0.129834E-08  0.316550E+02  0.538014E-07  0.505826E-07  0.255346E-07  0.180017E+03  0.201800E-01  0.576050E-01     11.965842     14.999436
DYSB.TW.BHZ   DYSB    TW BHZ     2   7  0.550225E+02  0.103935E+03  0.123168E+00  0.447857E-01  0.528125E-01  0.120601E-01  0.286819E+00 -0.615223E-01 -0.325000E+00 -0.796516E-01  0.100000E+01  0.512865E+00  0.100000E+01  0.512865E+00  0.374602E-07  0.439294E-07  0.137541E-07  0.489450E+02  0.538014E-07  0.505826E-07  0.255346E-07  0.180017E+03  0.123168E+00  0.447857E-01     12.678095     10.339417
EAH.TW.BHN    EAH     TW BHN     1   7  0.184600E+02  0.572000E+02  0.143711E+01  0.229717E+00  0.000000E+00  0.000000E+00  0.220938E+01 -0.458394E+00  0.000000E+00  0.000000E+00  0.131203E+01  0.677051E+00  0.131203E+01  0.677051E+00  0.426925E-07  0.562046E-07  0.765446E-07  0.387725E+02  0.151274E-06  0.149395E-06  0.345525E-06  0.180017E+03  0.143711E+01  0.229717E+00     20.093584     11.965842
EAH.TW.BHZ    EAH     TW BHZ     1   7  0.183950E+02  0.899925E+02  0.903023E+00  0.820830E-02  0.762612E+00  0.156194E-01  0.134109E+01  0.629511E-01  0.123500E+01  0.883724E-01  0.100000E+01  0.500000E+00  0.100000E+01  0.500000E+00  0.603946E-07  0.506102E-07  0.218518E-07  0.716300E+02  0.757674E-07  0.532516E-07  0.404090E-07  0.180017E+03  0.903023E+00  0.820830E-02     14.999436     14.588493
EGFH.TW.BHZ   EGFH    TW BHZ     1   7  0.276250E+01  0.439725E+02  0.837574E+00  0.391111E+01  0.121680E+01  0.415345E+01  0.127299E+01 -0.139734E+01  0.156000E+01 -0.144108E+01  0.100000E+01  0.500000E+00  0.100000E+01  0.500000E+00  0.884461E-08  0.157902E-06  0.122729E-06  0.412425E+02  0.106531E-07  0.165132E-06  0.131938E-06  0.180017E+03  0.837574E+00  0.391111E+01     11.451182     10.142476
ETLH.TW.BHZ   ETLH    TW BHZ     1   7  0.139750E+02  0.623675E+02  0.167010E+01  0.373698E+00  0.190125E+01  0.327328E+00  0.181430E+01  0.428463E+00  0.195000E+01  0.404554E+00  0.100000E+01  0.500000E+00  0.100000E+01  0.500000E+00  0.117408E-06  0.522764E-07  0.954083E-07  0.484250E+02  0.141674E-06  0.567462E-07  0.124237E-06  0.180017E+03  0.167010E+01  0.373698E+00     13.147654     11.965842
FUSB.TW.BHE   FUSB    TW BHE     1   7  0.232050E+02  0.826150E+02  0.174637E+01  0.793352E-01  0.171588E+01  0.582844E-01  0.186827E+01 -0.198950E+00  0.185250E+01 -0.170711E+00  0.100000E+01  0.500000E+00  0.100000E+01  0.500000E+00  0.156379E-06  0.220016E-06  0.120315E-06  0.594425E+02  0.202351E-06  0.287495E-06  0.190149E-06  0.180017E+03  0.174637E+01  0.793352E-01     16.904126     17.749333
FUSB.TW.BHN   FUSB    TW BHN     1   5  0.239525E+02  0.622050E+02  0.000000E+00  0.000000E+00  0.000000E+00  0.803062E-01  0.000000E+00  0.000000E+00  0.000000E+00  0.269690E+00  0.000000E+00  0.000000E+00  0.100186E+01  0.672939E+00  0.106598E-07  0.621580E-08  0.274507E-08  0.382850E+02  0.734637E-07  0.348551E-07  0.570067E-07  0.180017E+03  0.000000E+00  0.803062E-01     16.135757     14.012631
FUSB.TW.BHN   FUSB    TW BHN     2   7  0.622050E+02  0.826150E+02  0.735884E+00  0.116440E+00  0.610512E+00  0.206406E+00  0.121235E+01  0.320167E+00  0.110500E+01  0.426316E+00  0.100000E+01  0.663523E+00  0.100000E+01  0.663523E+00  0.379654E-07  0.161843E-07  0.200176E-07  0.204425E+02  0.734637E-07  0.348551E-07  0.570067E-07  0.180017E+03  0.735884E+00  0.116440E+00     10.757171      9.770275
FUSB.TW.BHZ   FUSB    TW BHZ     1   7  0.229125E+02  0.774800E+02  0.203231E+00  0.571425E-01  0.623731E-01  0.167091E+00  0.700899E+00  0.260954E+00  0.390000E+00  0.487671E+00  0.110421E+01  0.843598E+00  0.110421E+01  0.843598E+00  0.298462E-07  0.112539E-07  0.998555E-08  0.546000E+02  0.638362E-07  0.276016E-07  0.482398E-07  0.180017E+03  0.203231E+00  0.571425E-01     11.093333     19.017142
GWUB.TW.BHN   GWUB    TW BHN     1   7  0.215475E+02  0.564850E+02  0.964664E+00  0.935937E-01  0.104201E+01  0.181710E+00  0.168734E+01  0.539675E+00  0.175500E+01  0.757067E+00  0.121570E+01  0.125583E+01  0.121570E+01  0.125583E+01  0.744222E-07  0.163728E-07  0.550090E-07  0.349700E+02  0.168408E-06  0.175872E-06  0.122251E-06  0.180017E+03  0.964664E+00  0.935937E-01     12.383255     12.240919
GWUB.TW.BHN   GWUB    TW BHN     2   5  0.564850E+02  0.893100E+02  0.000000E+00  0.000000E+00  0.000000E+00  0.812195E+00  0.000000E+00  0.000000E+00  0.000000E+00 -0.637258E+00  0.000000E+00  0.000000E+00  0.100000E+01  0.500000E+00  0.128827E-07  0.460812E-07  0.176464E-07  0.328575E+02  0.168408E-06  0.175872E-06  0.122251E-06  0.180017E+03  0.000000E+00  0.812195E+00     10.240000     12.101818
GWUB.TW.BHZ   GWUB    TW BHZ     1   5  0.209300E+02  0.926250E+02  0.000000E+00  0.000000E+00  0.122514E+00  0.713617E+00  0.000000E+00  0.000000E+00 -0.617500E+00 -0.597335E+00  0.000000E+00  0.000000E+00  0.124747E+01  0.500000E+00  0.575960E-07  0.190209E-06  0.925902E-07  0.717275E+02  0.622633E-07  0.193786E-06  0.974590E-07  0.180017E+03  0.122514E+00  0.713617E+00     13.480506     12.830843
HWA.TW.BHE    HWA     TW BHE     1   7  0.132275E+02  0.390650E+02  0.172706E+01  0.512672E+00  0.177661E+01  0.390399E+00  0.185799E+01 -0.506045E+00  0.188500E+01 -0.441814E+00  0.100000E+01  0.500000E+00  0.100000E+01  0.500000E+00  0.104006E-06  0.251659E-06  0.171688E-06  0.258700E+02  0.555789E-06  0.129527E-05  0.170914E-05  0.180017E+03  0.172706E+01  0.512672E+00     13.312000     14.199466
HWA.TW.BHN    HWA     TW BHN     1   5  0.123500E+01  0.383825E+02  0.000000E+00  0.000000E+00  0.190125E+01  0.208745E-01  0.000000E+00  0.000000E+00  0.195000E+01  0.121268E+00  0.000000E+00  0.000000E+00  0.100000E+01  0.593504E+00  0.636045E-07  0.499063E-07  0.118987E-06  0.371800E+02  0.307867E-06  0.465295E-06  0.698273E-06  0.180017E+03  0.190125E+01  0.208745E-01      8.658211      8.255504
HWA.TW.BHZ    HWA     TW BHZ     1   7  0.133250E+01  0.514800E+02  0.602644E+00  0.149003E+00  0.575128E+00  0.118439E+00  0.109165E+01 -0.272527E+00  0.107250E+01 -0.243351E+00  0.100000E+01  0.500000E+00  0.100000E+01  0.500000E+00  0.427680E-07  0.695810E-07  0.245217E-07  0.501800E+02  0.809781E-07  0.982508E-07  0.778413E-07  0.180017E+03  0.602644E+00  0.149003E+00     10.866938     10.757171
HWLB.TW.BHE   HWLB    TW BHE     1   7  0.132275E+02  0.390650E+02  0.215169E+01  0.409942E-01  0.223133E+01  0.524693E-02  0.207353E+01 -0.141346E+00  0.211250E+01 -0.512198E-01  0.100000E+01  0.500000E+00  0.100000E+01  0.500000E+00  0.227556E-06  0.252102E-06  0.256294E-06  0.258700E+02  0.121326E-05  0.129527E-05  0.233586E-05  0.180017E+03  0.215169E+01  0.409942E-01     14.199466     14.199466
HWLB.TW.BHN   HWLB    TW BHN     1   5  0.123500E+01  0.383825E+02  0.000000E+00  0.000000E+00  0.203011E+01  0.109292E+00  0.000000E+00  0.000000E+00  0.201500E+01  0.462864E+00  0.000000E+00  0.000000E+00  0.100000E+01  0.990022E+00  0.126337E-06  0.500603E-07  0.195186E-06  0.371800E+02  0.487559E-06  0.465295E-06  0.866508E-06  0.180017E+03  0.203011E+01  0.109292E+00      8.255504      8.255504
HWLB.TW.BHZ   HWLB    TW BHZ     1   7  0.133250E+01  0.514800E+02  0.100515E+01  0.112384E-01  0.723003E+00  0.165464E-01  0.139540E+01  0.696078E-01  0.120250E+01  0.909571E-01  0.100000E+01  0.500000E+00  0.100000E+01  0.500000E+00  0.835035E-07  0.696146E-07  0.380810E-07  0.501800E+02  0.152023E-06  0.982508E-07  0.116444E-06  0.180017E+03  0.100515E+01  0.112384E-01     10.978969     10.757171
ILA.TW.BHZ    ILA     TW BHZ     1   7  0.231725E+02  0.439400E+02  0.345516E+00  0.137501E+00  0.330078E+00  0.225438E+00  0.831274E+00  0.294523E+00  0.812500E+00  0.377129E+00  0.100000E+01  0.561644E+00  0.100000E+01  0.561644E+00  0.597784E-09  0.281173E-09  0.189720E-09  0.208000E+02  0.280869E-07  0.389978E-07  0.269304E-07  0.180017E+03  0.345516E+00  0.137501E+00     10.757171     12.240919
ILA.TW.BHZ    ILA     TW BHZ     2   7  0.439400E+02  0.829075E+02  0.357770E-02  0.964133E-01  0.115539E-01  0.350163E-02  0.837223E-01 -0.234728E+00  0.195000E+00 -0.451217E-01  0.128279E+01  0.539182E+00  0.128279E+01  0.539182E+00  0.178405E-07  0.195254E-07  0.610291E-08  0.390000E+02  0.280869E-07  0.389978E-07  0.269304E-07  0.180017E+03  0.357770E-02  0.964133E-01     10.757171     18.050169
KSHI.TW.BHE   KSHI    TW BHE     1   7  0.234975E+02  0.845975E+02  0.131128E+01  0.349276E+00  0.456727E+00  0.655976E-01  0.212305E+01 -0.465174E+00  0.130000E+01 -0.205384E+00  0.136019E+01  0.567032E+00  0.136019E+01  0.567032E+00  0.242959E-06  0.366377E-06  0.255775E-06  0.611325E+02  0.268561E-06  0.393865E-06  0.271889E-06  0.180017E+03  0.131128E+01  0.349276E+00     12.678095     16.135757
LATB.TW.BHE   LATB    TW BHE     1   7  0.208000E+02  0.752050E+02  0.151672E+01  0.102874E+00  0.137365E+01  0.845749E-01  0.174100E+01 -0.226665E+00  0.165750E+01 -0.205639E+00  0.100000E+01  0.500000E+00  0.100000E+01  0.500000E+00  0.178651E-06  0.269539E-06  0.118895E-06  0.544375E+02  0.205103E-06  0.313036E-06  0.164665E-06  0.180017E+03  0.151672E+01  0.102874E+00     17.749333     17.176774
LATB.TW.BHN   LATB    TW BHN     1   7  0.205400E+02  0.410150E+02  0.789574E-02  0.386827E+00  0.475312E-02  0.464256E+00  0.125385E+00  0.439772E+00  0.975000E-01  0.481797E+00  0.100000E+01  0.500000E+00  0.100000E+01  0.500000E+00  0.109870E-07  0.419174E-08  0.186777E-08  0.205075E+02  0.737663E-07  0.647444E-07  0.730671E-07  0.180017E+03  0.789574E-02  0.386827E+00     11.965842     13.480506
LATB.TW.BHN   LATB    TW BHN     2   5  0.410150E+02  0.718250E+02  0.000000E+00  0.000000E+00  0.154209E+01  0.450912E-01  0.000000E+00  0.000000E+00  0.188500E+01 -0.151570E+00  0.000000E+00  0.000000E+00  0.107335E+01  0.504722E+00  0.309932E-07  0.419681E-07  0.385065E-07  0.308425E+02  0.737663E-07  0.647444E-07  0.730671E-07  0.180017E+03  0.154209E+01  0.450912E-01     12.101818     12.528941
LATB.TW.BHZ   LATB    TW BHZ     1   7  0.209625E+02  0.473200E+02  0.591624E-01  0.111006E-01  0.639031E-01  0.169807E-01  0.343881E+00  0.744819E-01  0.357500E+00  0.921431E-01  0.100000E+01  0.500000E+00  0.100000E+01  0.500000E+00  0.330812E-08  0.275135E-08  0.205529E-09  0.263900E+02  0.847526E-07  0.342341E-07  0.792329E-07  0.180017E+03  0.591624E-01  0.111006E-01     11.832888     12.830843
LXI1.TW.BHZ   LXI1    TW BHZ     1   5  0.165750E+01  0.364000E+02  0.000000E+00  0.000000E+00  0.211250E-02  0.222500E+00  0.000000E+00  0.000000E+00 -0.650000E-01  0.746069E+00  0.000000E+00  0.000000E+00  0.100000E+01  0.111840E+01  0.344298E-07  0.774296E-08  0.141329E-07  0.347750E+02  0.116903E-06  0.609525E-07  0.134431E-06  0.180017E+03  0.211250E-02  0.222500E+00     13.147654      9.860740
MASB.TW.BHE   MASB    TW BHE     1   5  0.168350E+02  0.704275E+02  0.000000E+00  0.000000E+00  0.639031E-01  0.106405E+00  0.000000E+00  0.000000E+00 -0.357500E+00 -0.230657E+00  0.000000E+00  0.000000E+00  0.100000E+01  0.500000E+00  0.268590E-06  0.426026E-06  0.705832E-07  0.536250E+02  0.290587E-06  0.440360E-06  0.994610E-07  0.180017E+03  0.639031E-01  0.106405E+00     12.101818     13.312000
MASB.TW.BHN   MASB    TW BHN     1   7  0.163150E+02  0.477750E+02  0.657898E-01  0.244837E-01  0.804500E-01  0.995427E-03  0.586084E+00 -0.121023E+00  0.650000E+00  0.244613E-01  0.162045E+01  0.548226E+00  0.162045E+01  0.548226E+00  0.829336E-07  0.789739E-07  0.261395E-07  0.314925E+02  0.174550E-06  0.276199E-06  0.133283E-06  0.180017E+03  0.657898E-01  0.244837E-01     23.151303     20.479999
MASB.TW.BHN   MASB    TW BHN     2   7  0.477750E+02  0.812500E+02  0.817849E+00  0.260250E+01  0.000000E+00  0.000000E+00  0.196708E+01 -0.113879E+01  0.000000E+00  0.000000E+00  0.153859E+01  0.500000E+00  0.153859E+01  0.500000E+00  0.151459E-07  0.570454E-07  0.550599E-07  0.335075E+02  0.174550E-06  0.276199E-06  0.133283E-06  0.180017E+03  0.817849E+00  0.260250E+01     28.025262     11.093333
MASB.TW.BHZ   MASB    TW BHZ     1   5  0.157300E+02  0.757575E+02  0.000000E+00  0.000000E+00  0.475312E-02  0.389694E-01  0.000000E+00  0.000000E+00 -0.975000E-01  0.139588E+00  0.000000E+00  0.000000E+00  0.100000E+01  0.500000E+00  0.132236E-06  0.100024E-06  0.225424E-07  0.600600E+02  0.141369E-06  0.102699E-06  0.329395E-07  0.180017E+03  0.475312E-02  0.389694E-01     15.434202     14.012631
NACB.TW.BHE   NACB    TW BHE     1   7  0.158600E+02  0.610675E+02  0.335603E+01  0.657971E-01  0.338000E+01  0.236717E-01  0.259059E+01 -0.179786E+00  0.260000E+01 -0.108793E+00  0.100000E+01  0.500000E+00  0.100000E+01  0.500000E+00  0.374069E-06  0.464994E-06  0.456829E-06  0.452400E+02  0.482121E-06  0.510637E-06  0.674916E-06  0.180017E+03  0.335603E+01  0.657971E-01     17.176774     14.791111
NACB.TW.BHN   NACB    TW BHN     1   7  0.154700E+02  0.656500E+02  0.265293E+01  0.918370E-01  0.148350E+01  0.115265E+00  0.224772E+01  0.213289E+00  0.172250E+01  0.240068E+00  0.100000E+01  0.500000E+00  0.100000E+01  0.500000E+00  0.123223E-06  0.762379E-07  0.916040E-07  0.502125E+02  0.151778E-06  0.861066E-07  0.112212E-06  0.180017E+03  0.265293E+01  0.918370E-01     12.101818     12.101818
NACB.TW.BHZ   NACB    TW BHZ     1   7  0.150800E+02  0.446550E+02  0.575063E+00  0.362925E-01  0.385003E+00  0.292873E-01  0.106909E+01 -0.127246E+00  0.877500E+00 -0.121011E+00  0.100000E+01  0.500000E+00  0.100000E+01  0.500000E+00  0.106834E-07  0.136088E-07  0.526794E-08  0.296075E+02  0.808739E-07  0.415845E-07  0.671782E-07  0.180017E+03  0.575063E+00  0.362925E-01     10.866938     10.440784
NACB.TW.BHZ   NACB    TW BHZ     2   7  0.544375E+02  0.793000E+02  0.178726E+00  0.118333E+01  0.000000E+00  0.000000E+00 -0.900630E+00 -0.913568E+00  0.000000E+00  0.000000E+00  0.151504E+01  0.593994E+00  0.151504E+01  0.593994E+00  0.535112E-08  0.124906E-07  0.103508E-07  0.248950E+02  0.808739E-07  0.415845E-07  0.671782E-07  0.180017E+03  0.178726E+00  0.118333E+01      7.052715     11.210105
NDS.TW.BHE    NDS     TW BHE     1   7  0.228800E+02  0.936000E+02  0.142720E+01  0.682859E+00  0.116282E+01  0.654093E+00  0.196917E+01 -0.549474E+00  0.178750E+01 -0.571880E+00  0.117213E+01  0.500000E+00  0.117213E+01  0.500000E+00  0.134569E-06  0.422350E-06  0.270343E-06  0.707525E+02  0.153658E-06  0.450117E-06  0.325109E-06  0.180017E+03  0.142720E+01  0.682859E+00     15.894925     13.312000
NDS.TW.BHN    NDS     TW BHN     1   7  0.228475E+02  0.430625E+02  0.337733E-01  0.410231E+00  0.338000E-01  0.530656E+00  0.259687E+00  0.552063E+00  0.260000E+00  0.627952E+00  0.100000E+01  0.609544E+00  0.100000E+01  0.609544E+00  0.871273E-08  0.248154E-08  0.246292E-08  0.202475E+02  0.704677E-07  0.817600E-07  0.108085E-06  0.180017E+03  0.337733E-01  0.410231E+00     13.312000     13.653333
NFF.TW.BHE    NFF     TW BHE     1   7  0.185575E+02  0.813800E+02  0.432460E+00  0.279380E-01  0.186802E+00  0.709977E-01  0.116540E+01  0.185093E+00  0.780000E+00  0.312969E+00  0.127611E+01  0.830546E+00  0.127611E+01  0.830546E+00  0.625267E-06  0.334368E-06  0.255869E-06  0.628550E+02  0.642864E-06  0.351804E-06  0.270785E-06  0.180017E+03  0.432460E+00  0.279380E-01     12.101818     14.999436
NFF.TW.BHN    NFF     TW BHN     1   7  0.608725E+02  0.949650E+02  0.416972E+00  0.180794E+01  0.135056E+00  0.107075E+01  0.102269E+01 -0.950062E+00  0.585000E+00 -0.731694E+00  0.112560E+01  0.500000E+00  0.112560E+01  0.500000E+00  0.138539E-07  0.598570E-07  0.305217E-07  0.341250E+02  0.286527E-06  0.150393E-06  0.267156E-06  0.180017E+03  0.416972E+00  0.180794E+01     12.987317     11.832888
NFF.TW.BHZ    NFF     TW BHZ     1   5  0.436800E+02  0.892450E+02  0.000000E+00  0.000000E+00  0.295992E+00  0.110103E+01  0.000000E+00  0.000000E+00 -0.877500E+00 -0.741966E+00  0.000000E+00  0.000000E+00  0.114049E+01  0.500000E+00  0.466729E-07  0.205839E-06  0.110351E-06  0.455975E+02  0.608387E-07  0.218142E-06  0.127638E-06  0.180017E+03  0.295992E+00  0.110103E+01     12.101818     12.240919
NHDH.TW.BHN   NHDH    TW BHN     1   7  0.679250E+02  0.935675E+02  0.133091E+01  0.128822E+00  0.000000E+00  0.000000E+00  0.185729E+01 -0.342247E+00  0.000000E+00  0.000000E+00  0.113854E+01  0.674696E+00  0.113854E+01  0.674696E+00  0.385433E-07  0.436365E-07  0.431402E-07  0.256750E+02  0.574117E-07  0.779034E-07  0.809431E-07  0.180017E+03  0.133091E+01  0.128822E+00     13.147654      9.594234
NHDH.TW.BHZ   NHDH    TW BHZ     1   7  0.464100E+02  0.783575E+02  0.341468E+00  0.762644E+00  0.000000E+00  0.000000E+00  0.114958E+01 -0.690855E+00  0.000000E+00  0.000000E+00  0.139986E+01  0.564485E+00  0.139986E+01  0.564485E+00  0.205849E-08  0.412018E-08  0.317379E-08  0.319800E+02  0.621742E-08  0.229729E-07  0.198315E-07  0.180017E+03  0.341468E+00  0.762644E+00      7.830588     24.203635
NNSB.TW.BHE   NNSB    TW BHE     1   7  0.187850E+02  0.728975E+02  0.157326E+01  0.793478E-03  0.183840E+01  0.337455E-02  0.176744E+01  0.559154E-02  0.191750E+01  0.410765E-01  0.100000E+01  0.500000E+00  0.100000E+01  0.500000E+00  0.300101E-06  0.276433E-06  0.190562E-06  0.541450E+02  0.312860E-06  0.289059E-06  0.206618E-06  0.180017E+03  0.157326E+01  0.793478E-03     14.588493     16.383999
NNSB.TW.BHN   NNSB    TW BHN     1   7  0.202800E+02  0.482625E+02  0.997848E-01  0.141688E+00  0.760500E-01  0.167500E+00  0.446350E+00  0.266016E+00  0.390000E+00  0.289396E+00  0.100000E+01  0.500000E+00  0.100000E+01  0.500000E+00  0.239987E-07  0.134531E-07  0.377927E-08  0.280150E+02  0.484588E-07  0.943326E-07  0.820304E-07  0.180017E+03  0.997848E-01  0.141688E+00     12.678095     12.383255
NNSB.TW.BHN   NNSB    TW BHN     2   7  0.482625E+02  0.829400E+02  0.255896E+01  0.219774E+01  0.000000E+00  0.000000E+00  0.264521E+01 -0.103921E+01  0.000000E+00  0.000000E+00  0.118282E+01  0.500000E+00  0.118282E+01  0.500000E+00  0.100501E-07  0.537237E-07  0.507939E-07  0.347100E+02  0.484588E-07  0.943326E-07  0.820304E-07  0.180017E+03  0.255896E+01  0.219774E+01     13.653333      8.519680
NNSB.TW.BHZ   NNSB    TW BHZ     1   7  0.188175E+02  0.719550E+02  0.261973E+00  0.662660E-02  0.232903E+00  0.134553E-01  0.721380E+00  0.572402E-01  0.682500E+00  0.820223E-01  0.100000E+01  0.500000E+00  0.100000E+01  0.500000E+00  0.884056E-07  0.750302E-07  0.160986E-07  0.531700E+02  0.102489E-06  0.836607E-07  0.351138E-07  0.180017E+03  0.261973E+00  0.662660E-02     13.312000     13.312000
PHUB.TW.BHE   PHUB    TW BHE     1   7  0.230425E+02  0.541125E+02  0.822836E-01  0.113108E+00  0.305284E-01  0.113651E-01  0.462412E+00 -0.243550E+00  0.292500E+00 -0.773258E-01  0.118375E+01  0.512888E+00  0.118375E+01  0.512888E+00  0.192273E-08  0.224431E-08  0.683366E-09  0.311025E+02  0.145570E-06  0.239206E-06  0.402358E-07  0.180017E+03  0.822836E-01  0.113108E+00     13.312000     14.391351
PHUB.TW.BHE   PHUB    TW BHE     2   7  0.648700E+02  0.107055E+03  0.136629E-01  0.184018E+00  0.258781E-01  0.110616E+00 -0.838195E-02 -0.301652E+00 -0.227500E+00 -0.235176E+00  0.100000E+01  0.500000E+00  0.100000E+01  0.500000E+00  0.125626E-06  0.201072E-06  0.237348E-07  0.422175E+02  0.145570E-06  0.239206E-06  0.402358E-07  0.180017E+03  0.136629E-01  0.184018E+00     10.339417     10.866938
PHUB.TW.BHZ   PHUB    TW BHZ     1   7  0.229450E+02  0.474825E+02  0.275920E+00  0.643716E+00  0.232903E+00  0.564736E+00  0.742404E+00 -0.567298E+00  0.682500E+00 -0.531383E+00  0.100000E+01  0.500000E+00  0.100000E+01  0.500000E+00  0.326695E-09  0.945575E-09  0.246747E-09  0.245700E+02  0.145824E-06  0.169552E-06  0.274529E-07  0.180017E+03  0.275920E+00  0.643716E+00     12.830843     13.147654
PHUB.TW.BHZ   PHUB    TW BHZ     2   5  0.474825E+02  0.109655E+03  0.000000E+00  0.000000E+00  0.427781E-01  0.920228E-02  0.000000E+00  0.000000E+00  0.292500E+00 -0.678317E-01  0.000000E+00  0.000000E+00  0.100000E+01  0.500000E+00  0.142072E-06  0.162715E-06  0.216186E-07  0.622050E+02  0.145824E-06  0.169552E-06  0.274529E-07  0.180017E+03  0.427781E-01  0.920228E-02     12.383255     12.678095
PNG.TW.BHE    PNG     TW BHE     1   7  0.230425E+02  0.546000E+02  0.108029E-01  0.434349E+01  0.000000E+00  0.000000E+00  0.276856E+00 -0.147140E+01  0.000000E+00  0.000000E+00  0.207195E+01  0.500000E+00  0.207195E+01  0.500000E+00  0.539636E-09  0.227176E-08  0.171978E-08  0.315900E+02  0.256077E-06  0.269561E-06  0.114775E-06  0.180017E+03  0.108029E-01  0.434349E+01   1064.959961     14.588493
PNG.TW.BHE    PNG     TW BHE     2   7  0.660725E+02  0.108062E+03  0.262561E+00  0.176682E+00  0.330078E+00  0.939091E-01 -0.710273E+00 -0.294809E+00 -0.812500E+00 -0.216690E+00  0.100000E+01  0.500000E+00  0.100000E+01  0.500000E+00  0.144957E-06  0.223591E-06  0.633816E-07  0.420225E+02  0.256077E-06  0.269561E-06  0.114775E-06  0.180017E+03  0.262561E+00  0.176682E+00      9.860740     10.866938
RLNB.TW.BHE   RLNB    TW BHE     1   5  0.174525E+02  0.827125E+02  0.000000E+00  0.000000E+00  0.207801E-02  0.205737E+00  0.000000E+00  0.000000E+00  0.650000E-01  0.607497E+00  0.000000E+00  0.000000E+00  0.100827E+01  0.947049E+00  0.398848E-05  0.118343E-05  0.140837E-05  0.652925E+02  0.434401E-05  0.122251E-05  0.184864E-05  0.180017E+03  0.207801E-02  0.205737E+00     10.339417     12.383255
RLNB.TW.BHN   RLNB    TW BHN     1   7  0.178100E+02  0.390000E+02  0.655777E+00  0.101204E+01  0.594526E+00  0.258833E+00  0.152868E+01 -0.711255E+00  0.146250E+01 -0.359745E+00  0.134121E+01  0.500000E+00  0.134121E+01  0.500000E+00  0.352554E-08  0.723929E-08  0.527163E-08  0.212225E+02  0.116930E-05  0.454022E-06  0.163868E-05  0.180017E+03  0.655777E+00  0.101204E+01     13.653333     14.199466
RLNB.TW.BHZ   RLNB    TW BHZ     1   5  0.175825E+02  0.859300E+02  0.000000E+00  0.000000E+00  0.528125E-03  0.159483E+00  0.000000E+00  0.000000E+00 -0.325000E-01 -0.282385E+00  0.000000E+00  0.000000E+00  0.100000E+01  0.500000E+00  0.326273E-06  0.573929E-06  0.157225E-06  0.683800E+02  0.336766E-06  0.585679E-06  0.182513E-06  0.180017E+03  0.528125E-03  0.159483E+00     11.702857     12.383255
SBCB.TW.BHE   SBCB    TW BHE     1   7  0.244400E+02  0.979875E+02  0.238856E+00  0.857479E-01  0.323351E+00  0.116202E+00  0.266254E-01  0.390232E+00 -0.845000E+00  0.465216E+00  0.105076E+01  0.965014E+00  0.105076E+01  0.965014E+00  0.132599E-05  0.522950E-06  0.614125E-06  0.735800E+02  0.135394E-05  0.541756E-06  0.656031E-06  0.180017E+03  0.238856E+00  0.857479E-01     12.101818      9.424424
SBCB.TW.BHN   SBCB    TW BHN     1   7  0.233675E+02  0.623350E+02  0.531407E+00  0.289876E+00  0.610512E+00  0.272742E+00  0.102739E+01  0.530656E+00  0.110500E+01  0.516597E+00  0.100000E+01  0.699458E+00  0.100000E+01  0.699458E+00  0.455563E-07  0.162120E-07  0.199390E-07  0.390000E+02  0.200035E-06  0.191855E-06  0.198258E-06  0.180017E+03  0.531407E+00  0.289876E+00     12.987317     13.480506
SBCB.TW.BHN   SBCB    TW BHN     2   7  0.623350E+02  0.910000E+02  0.150669E+01  0.272853E+00  0.171588E+01  0.153694E+00 -0.173583E+01 -0.369277E+00 -0.185250E+01 -0.277213E+00  0.100000E+01  0.500000E+00  0.100000E+01  0.500000E+00  0.911072E-07  0.158612E-06  0.131389E-06  0.286975E+02  0.200035E-06  0.191855E-06  0.198258E-06  0.180017E+03  0.150669E+01  0.272853E+00     10.757171     11.965842
SBCB.TW.BHZ   SBCB    TW BHZ     1   7  0.650000E+02  0.976950E+02  0.211576E+00  0.234212E+01  0.385003E+00  0.198372E+01 -0.626435E+00 -0.108007E+01 -0.877500E+00 -0.995923E+00  0.100000E+01  0.500000E+00  0.100000E+01  0.500000E+00  0.163999E-07  0.120195E-06  0.695569E-07  0.327275E+02  0.709737E-07  0.155569E-06  0.115057E-06  0.180017E+03  0.211576E+00  0.234212E+01     11.702857     11.451182
SCS.TW.BHE    SCS     TW BHE     1   5  0.152750E+02  0.655200E+02  0.000000E+00  0.000000E+00  0.228618E-01  0.955620E-01  0.000000E+00  0.000000E+00 -0.227500E+00 -0.218589E+00  0.000000E+00  0.000000E+00  0.106392E+01  0.500000E+00  0.384500E-06  0.595332E-06  0.169835E-06  0.502775E+02  0.417618E-06  0.625916E-06  0.241679E-06  0.180017E+03  0.228618E-01  0.955620E-01     18.361379     10.978969
SCS.TW.BHZ    SCS     TW BHZ     1   7  0.143000E+02  0.764400E+02  0.134299E+01  0.363949E+00  0.976503E+00  0.338133E+00  0.163245E+01 -0.416353E+00  0.139750E+01 -0.411177E+00  0.100000E+01  0.500000E+00  0.100000E+01  0.500000E+00  0.364524E-06  0.829603E-06  0.416734E-06  0.621725E+02  0.389952E-06  0.848485E-06  0.461470E-06  0.180017E+03  0.134299E+01  0.363949E+00     14.012631     12.830843
SSLB.TW.BHZ   SSLB    TW BHZ     1   5  0.282750E+01  0.622375E+02  0.000000E+00  0.000000E+00  0.152628E+00  0.182628E+00  0.000000E+00  0.000000E+00  0.552500E+00 -0.302182E+00  0.000000E+00  0.000000E+00  0.100000E+01  0.500000E+00  0.329749E-06  0.603470E-06  0.153463E-06  0.594425E+02  0.339557E-06  0.612599E-06  0.166409E-06  0.180017E+03  0.152628E+00  0.182628E+00     14.791111     10.339417
SSP.TW.BHE    SSP     TW BHE     1   7  0.199225E+02  0.493025E+02  0.296239E+00  0.409239E+01  0.357012E+00  0.342161E+01  0.765366E+00 -0.143035E+01  0.845000E+00 -0.130798E+01  0.100000E+01  0.500000E+00  0.100000E+01  0.500000E+00  0.570173E-08  0.780011E-07  0.484748E-07  0.294125E+02  0.204721E-07  0.450243E-06  0.335276E-06  0.180017E+03  0.296239E+00  0.409239E+01     13.480506     12.678095
SSP.TW.BHN    SSP     TW BHN     1   7  0.135200E+02  0.519350E+02  0.402558E-01  0.289542E+01  0.000000E+00  0.000000E+00  0.390355E+00 -0.120258E+01  0.000000E+00  0.000000E+00  0.156008E+01  0.500000E+00  0.156008E+01  0.500000E+00  0.560918E-08  0.425370E-07  0.270469E-07  0.384475E+02  0.216441E-07  0.383155E-06  0.305952E-06  0.180017E+03  0.402558E-01  0.289542E+01      9.860740     22.658723
SSP.TW.BHZ    SSP     TW BHZ     1   7  0.191750E+02  0.666250E+02  0.402056E+00  0.121512E+01  0.444153E+00  0.123399E+01 -0.895130E+00 -0.773905E+00 -0.942500E+00 -0.785490E+00  0.100000E+01  0.500000E+00  0.100000E+01  0.500000E+00  0.901157E-08  0.433580E-07  0.212948E-07  0.474825E+02  0.116085E-07  0.551628E-07  0.339186E-07  0.180017E+03  0.402056E+00  0.121512E+01     15.661176     15.661176
SXI1.TW.BHE   SXI1    TW BHE     1   7  0.291200E+02  0.533000E+02  0.225274E+00  0.207803E+00  0.175034E+00  0.315864E+00  0.774100E+00  0.629242E+00  0.682500E+00  0.776077E+00  0.115352E+01  0.976427E+00  0.115352E+01  0.976427E+00  0.848435E-09  0.179691E-09  0.353442E-09  0.242125E+02  0.138198E-06  0.349473E-06  0.419227E-06  0.180017E+03  0.225274E+00  0.207803E+00     13.830649     19.017142
SXI1.TW.BHE   SXI1    TW BHE     2   7  0.533000E+02  0.947050E+02  0.986509E+00  0.141689E+01  0.112987E+01  0.802989E+00  0.181877E+01 -0.838922E+00  0.195000E+01 -0.633636E+00  0.129720E+01  0.500000E+00  0.129720E+01  0.500000E+00  0.658084E-07  0.233696E-06  0.157055E-06  0.414375E+02  0.138198E-06  0.349473E-06  0.419227E-06  0.180017E+03  0.986509E+00  0.141689E+01     19.362908     17.749333
SXI1.TW.BHN   SXI1    TW BHN     1   7  0.250250E+02  0.648375E+02  0.214447E+00  0.104876E+00  0.468058E+00  0.160758E+00 -0.690347E+00  0.441350E+00 -0.110500E+01  0.548104E+00  0.114208E+01  0.966633E+00  0.114208E+01  0.966633E+00  0.641990E-08  0.214512E-08  0.305395E-08  0.398450E+02  0.881384E-07  0.688626E-07  0.424836E-07  0.180017E+03  0.214447E+00  0.104876E+00     12.528941     14.791111
SXI1.TW.BHN   SXI1    TW BHN     2   7  0.648375E+02  0.105593E+03  0.274273E+00  0.401652E-01  0.194049E+00  0.306800E-02  0.885313E+00 -0.164233E+00  0.747500E+00  0.474417E-01  0.119989E+01  0.605644E+00  0.119989E+01  0.605644E+00  0.642568E-07  0.584402E-07  0.280513E-07  0.407875E+02  0.881384E-07  0.688626E-07  0.424836E-07  0.180017E+03  0.274273E+00  0.401652E-01      9.860740     13.830649
SXI1.TW.BHZ   SXI1    TW BHZ     1   7  0.256425E+02  0.762125E+02  0.678377E-01  0.289981E-01  0.115867E+00  0.539607E-01 -0.414948E+00  0.189788E+00 -0.585000E+00  0.281815E+00  0.121524E+01  0.857849E+00  0.121524E+01  0.857849E+00  0.367189E-08  0.208981E-08  0.154666E-08  0.506025E+02  0.325908E-07  0.229598E-07  0.249936E-07  0.180017E+03  0.678377E-01  0.289981E-01     10.978969     11.451182
TATO.TW.BHE   TATO    TW BHE     1   7  0.263575E+02  0.916825E+02  0.763152E+00  0.293974E-02  0.575128E+00  0.688155E-04  0.121182E+01  0.231756E-01  0.107250E+01  0.586581E-02  0.100000E+01  0.500000E+00  0.100000E+01  0.500000E+00  0.309277E-06  0.305669E-06  0.112866E-06  0.653575E+02  0.377683E-06  0.360043E-06  0.202728E-06  0.180017E+03  0.763152E+00  0.293974E-02     14.999436     16.904126
TATO.TW.BHN   TATO    TW BHN     1   7  0.254475E+02  0.648050E+02  0.850374E-01  0.371645E-02  0.232463E+00  0.969820E-02 -0.161754E+00 -0.461102E-01 -0.715000E+00  0.844595E-01  0.104861E+01  0.606440E+00  0.104861E+01  0.606440E+00  0.125455E-07  0.105956E-07  0.503785E-08  0.393900E+02  0.157098E-06  0.857710E-07  0.667104E-07  0.180017E+03  0.850374E-01  0.371645E-02     11.702857     13.312000
TATO.TW.BHN   TATO    TW BHN     2   7  0.680225E+02  0.944450E+02  0.134082E+00  0.390436E-01  0.528125E-01  0.105244E+00  0.517267E+00  0.163054E+00  0.325000E+00  0.267768E+00  0.100000E+01  0.583638E+00  0.100000E+01  0.583638E+00  0.894869E-07  0.523817E-07  0.208505E-07  0.264550E+02  0.157098E-06  0.857710E-07  0.667104E-07  0.180017E+03  0.134082E+00  0.390436E-01     11.093333      9.860740
TATO.TW.BHZ   TATO    TW BHZ     1   7  0.247000E+02  0.578500E+02  0.177773E-01  0.116259E+00  0.134230E-01  0.182667E+00 -0.214684E+00  0.586174E+00 -0.195000E+00  0.734813E+00  0.119013E+01  0.121572E+01  0.119013E+01  0.121572E+01  0.483854E-08  0.111292E-08  0.211403E-08  0.331825E+02  0.356951E-07  0.241469E-07  0.380636E-07  0.180017E+03  0.177773E-01  0.116259E+00     11.702857     15.434202
TDCB.TW.BHE   TDCB    TW BHE     1   7  0.189475E+02  0.668525E+02  0.741135E+00  0.119011E+00  0.540800E+00  0.205972E+00  0.120982E+01  0.306050E+00  0.104000E+01  0.405894E+00  0.100000E+01  0.632404E+00  0.100000E+01  0.632404E+00  0.687649E-06  0.305359E-06  0.263255E-06  0.479375E+02  0.703475E-06  0.316057E-06  0.280960E-06  0.180017E+03  0.741135E+00  0.119011E+00     12.240919     14.012631
TDCB.TW.BHN   TDCB    TW BHN     1   7  0.170950E+02  0.484900E+02  0.208749E+00  0.668804E-01  0.000000E+00  0.000000E+00  0.967745E+00 -0.320261E+00  0.000000E+00  0.000000E+00  0.152867E+01  0.879601E+00  0.152867E+01  0.879601E+00  0.551041E-07  0.453509E-07  0.362328E-07  0.314275E+02  0.993466E-07  0.252944E-06  0.131925E-06  0.180017E+03  0.208749E+00  0.668804E-01      9.594234     25.974633
TDCB.TW.BHN   TDCB    TW BHN     2   7  0.484900E+02  0.687700E+02  0.119118E-02  0.692744E+01  0.132031E-01  0.550464E+01 -0.271619E-01 -0.186105E+01 -0.162500E+00 -0.165901E+01  0.100000E+01  0.500000E+00  0.100000E+01  0.500000E+00  0.118159E-08  0.326187E-07  0.231456E-07  0.203125E+02  0.993466E-07  0.252944E-06  0.131925E-06  0.180017E+03  0.119118E-02  0.692744E+01     12.240919     13.312000
TDCB.TW.BHZ   TDCB    TW BHZ     1   7  0.165750E+02  0.777725E+02  0.174108E+00  0.105008E+01  0.171112E+00  0.949218E+00  0.179723E+00 -0.723937E+00 -0.585000E+00 -0.688919E+00  0.100000E+01  0.500000E+00  0.100000E+01  0.500000E+00  0.131592E-06  0.521935E-06  0.203827E-06  0.612300E+02  0.145225E-06  0.526214E-06  0.219348E-06  0.180017E+03  0.174108E+00  0.105008E+01     12.101818     11.965842
TPUB.TW.BHE   TPUB    TW BHE     1   7  0.149500E+01  0.510900E+02  0.940774E+00  0.163961E+00  0.385003E+00  0.100982E+00  0.134923E+01 -0.285995E+00  0.877500E+00 -0.224702E+00  0.100000E+01  0.500000E+00  0.100000E+01  0.500000E+00  0.620523E-06  0.972594E-06  0.264261E-06  0.496275E+02  0.640662E-06  0.100617E-05  0.301725E-06  0.180017E+03  0.940774E+00  0.163961E+00     15.894925     15.434202
TPUB.TW.BHN   TPUB    TW BHN     1   5  0.162500E+01  0.521300E+02  0.000000E+00  0.000000E+00  0.258781E-01  0.915930E-01  0.000000E+00  0.000000E+00  0.227500E+00 -0.214001E+00  0.000000E+00  0.000000E+00  0.100000E+01  0.500000E+00  0.126030E-05  0.193354E-05  0.237854E-06  0.505375E+02  0.128409E-05  0.196755E-05  0.268710E-06  0.180017E+03  0.258781E-01  0.915930E-01     11.093333     11.702857
TPUB.TW.BHZ   TPUB    TW BHZ     1   7  0.377000E+01  0.606450E+02  0.570438E+00  0.377567E-01  0.211250E+00  0.333734E-01  0.103216E+01 -0.136270E+00  0.650000E+00 -0.129177E+00  0.100000E+01  0.500000E+00  0.100000E+01  0.500000E+00  0.825425E-06  0.106876E-05  0.190073E-06  0.569075E+02  0.829445E-06  0.107526E-05  0.196494E-06  0.180017E+03  0.570438E+00  0.377567E-01     11.451182     11.329361
TTN.TW.BHE    TTN     TW BHE     1   7  0.165750E+01  0.663325E+02  0.699200E+00  0.151109E+00  0.540800E+00  0.881274E-01  0.117784E+01 -0.271041E+00  0.104000E+01 -0.209914E+00  0.100000E+01  0.500000E+00  0.100000E+01  0.500000E+00  0.161564E-05  0.245852E-05  0.101113E-05  0.647075E+02  0.165094E-05  0.248517E-05  0.106260E-05  0.180017E+03  0.699200E+00  0.151109E+00     11.329361     12.101818
TTN.TW.BHN    TTN     TW BHN     1   5  0.419250E+01  0.790400E+02  0.000000E+00  0.000000E+00  0.168614E+00  0.855190E-03  0.000000E+00  0.000000E+00  0.585000E+00 -0.266238E-01  0.000000E+00  0.000000E+00  0.100738E+01  0.643760E+00  0.520176E-06  0.548624E-06  0.296576E-06  0.748800E+02  0.547460E-06  0.556659E-06  0.332389E-06  0.180017E+03  0.168614E+00  0.855190E-03      8.588387      9.860740
TWGB.TW.BHE   TWGB    TW BHE     1   7  0.451750E+01  0.506350E+02  0.170149E+00  0.220715E+00  0.304200E+00  0.110131E+00  0.575484E+00 -0.329627E+00  0.780000E+00 -0.234661E+00  0.100000E+01  0.500000E+00  0.100000E+01  0.500000E+00  0.120274E-05  0.192307E-05  0.517590E-06  0.461500E+02  0.122520E-05  0.201095E-05  0.593070E-06  0.180017E+03  0.170149E+00  0.220715E+00     11.832888     13.147654
TWGB.TW.BHN   TWGB    TW BHN     1   5  0.526500E+01  0.664625E+02  0.000000E+00  0.000000E+00  0.178417E-02  0.212579E+00  0.000000E+00  0.000000E+00 -0.650000E-01 -0.326020E+00  0.000000E+00  0.000000E+00  0.108813E+01  0.500000E+00  0.206152E-06  0.395700E-06  0.144001E-06  0.612300E+02  0.225974E-06  0.412621E-06  0.168454E-06  0.180017E+03  0.178417E-02  0.212579E+00     15.213714     12.383255
TWGB.TW.BHZ   TWGB    TW BHZ     1   7  0.172250E+01  0.476775E+02  0.158257E+00  0.711519E+00  0.760500E-01  0.716629E+00 -0.548690E+00  0.761014E+00 -0.390000E+00  0.764074E+00  0.100000E+01  0.638225E+00  0.100000E+01  0.638225E+00  0.204735E-06  0.444147E-07  0.712729E-07  0.459875E+02  0.223758E-06  0.521229E-07  0.965331E-07  0.180017E+03  0.158257E+00  0.711519E+00     10.978969     11.210105
WARB.TW.BHE   WARB    TW BHE     1   7  0.273000E+01  0.478725E+02  0.106240E+01  0.224813E+00  0.723003E+00  0.214844E+00  0.144414E+01 -0.331033E+00  0.120250E+01 -0.327753E+00  0.100000E+01  0.500000E+00  0.100000E+01  0.500000E+00  0.111440E-05  0.214646E-05  0.928117E-06  0.451750E+02  0.114557E-05  0.218163E-05  0.976481E-06  0.180017E+03  0.106240E+01  0.224813E+00     12.383255     10.978969
WARB.TW.BHZ   WARB    TW BHZ     1   7  0.221000E+01  0.526825E+02  0.144859E+01  0.238536E+00  0.684450E+00  0.305491E+00  0.165816E+01 -0.277351E+00  0.117000E+01 -0.390827E+00  0.100000E+01  0.500000E+00  0.100000E+01  0.500000E+00  0.401594E-07  0.877516E-07  0.479823E-07  0.505050E+02  0.578201E-07  0.904163E-07  0.677958E-07  0.180017E+03  0.144859E+01  0.238536E+00     14.588493      9.341754
WCHH.TW.BHN   WCHH    TW BHN     1   5  0.182325E+02  0.814775E+02  0.000000E+00  0.000000E+00  0.164688E+00  0.339240E-03  0.000000E+00  0.000000E+00  0.617500E+00 -0.157513E-01  0.000000E+00  0.000000E+00  0.107595E+01  0.604710E+00  0.729653E-06  0.753005E-06  0.353141E-06  0.632775E+02  0.758502E-06  0.770244E-06  0.410607E-06  0.180017E+03  0.164688E+00  0.339240E-03     10.339417     11.832888
WCHH.TW.BHZ   WCHH    TW BHZ     1   5  0.172575E+02  0.886600E+02  0.000000E+00  0.000000E+00  0.528125E-03  0.811508E+00  0.000000E+00  0.000000E+00  0.325000E-01 -0.636988E+00  0.000000E+00  0.000000E+00  0.100000E+01  0.500000E+00  0.350208E-06  0.125201E-05  0.494074E-06  0.714350E+02  0.355256E-06  0.126570E-05  0.508530E-06  0.180017E+03  0.528125E-03  0.811508E+00     12.101818     11.575652
WCKO.TW.BHN   WCKO    TW BHN     1   5  0.149500E+01  0.548600E+02  0.000000E+00  0.000000E+00  0.338000E-01  0.163784E-02  0.000000E+00  0.000000E+00 -0.260000E+00 -0.286168E-01  0.000000E+00  0.000000E+00  0.100000E+01  0.500000E+00  0.227179E-05  0.240561E-05  0.438376E-06  0.533975E+02  0.228810E-05  0.245720E-05  0.482868E-06  0.180017E+03  0.338000E-01  0.163784E-02     10.866938     12.528941
WCKO.TW.BHZ   WCKO    TW BHZ     1   7  0.910000E+00  0.630825E+02  0.500544E+00  0.126342E-01  0.211250E+00  0.464977E-02  0.969803E+00 -0.734724E-01  0.650000E+00 -0.482171E-01  0.100000E+01  0.500000E+00  0.100000E+01  0.500000E+00  0.930529E-06  0.102473E-05  0.177976E-06  0.622050E+02  0.941341E-06  0.103954E-05  0.194684E-06  0.180017E+03  0.500544E+00  0.126342E-01     11.965842     11.329361
WDLH.TW.BHZ   WDLH    TW BHZ     1   7  0.134550E+02  0.662675E+02  0.128606E+01  0.849890E-01  0.444153E+00  0.493682E-03  0.157535E+01 -0.184610E+00  0.942500E+00 -0.157112E-01  0.100000E+01  0.500000E+00  0.100000E+01  0.500000E+00  0.806558E-06  0.832305E-06  0.389957E-06  0.528450E+02  0.832812E-06  0.847469E-06  0.416481E-06  0.180017E+03  0.128606E+01  0.849890E-01     10.240000     11.210105
WFSB.TW.BHZ   WFSB    TW BHZ     1   7  0.274950E+02  0.499200E+02  0.609707E+00  0.229679E+00  0.507528E+00  0.291046E+00  0.110337E+01  0.480934E+00  0.100750E+01  0.541510E+00  0.100000E+01  0.709759E+00  0.100000E+01  0.709759E+00  0.131592E-08  0.445534E-09  0.538591E-09  0.224575E+02  0.368168E-07  0.258833E-07  0.388375E-07  0.180017E+03  0.609707E+00  0.229679E+00     11.702857     13.480506
WFSB.TW.BHZ   WFSB    TW BHZ     2   7  0.499200E+02  0.753025E+02  0.107299E+00  0.586964E-01  0.185942E-01  0.665678E-03 -0.465470E+00 -0.225931E+00 -0.195000E+00  0.241141E-01  0.101119E+01  0.660881E+00  0.101119E+01  0.660881E+00  0.249939E-08  0.238171E-08  0.104375E-08  0.254150E+02  0.368168E-07  0.258833E-07  0.388375E-07  0.180017E+03  0.107299E+00  0.586964E-01      9.424424      8.874666
WHP.TW.BHE    WHP     TW BHE     1   7  0.182975E+02  0.671775E+02  0.816591E-01  0.845281E-01  0.892531E-01  0.152041E+00  0.388305E+00  0.266722E+00  0.422500E+00  0.365177E+00  0.100000E+01  0.662229E+00  0.100000E+01  0.662229E+00  0.526436E-06  0.253605E-06  0.140821E-06  0.489125E+02  0.536257E-06  0.270873E-06  0.155352E-06  0.180017E+03  0.816591E-01  0.845281E-01     11.832888     13.653333
WHP.TW.BHN    WHP     TW BHN     1   7  0.183300E+02  0.827125E+02  0.167315E+00  0.375607E-02  0.623894E+00  0.541874E-03 -0.293684E+00 -0.432023E-01 -0.120250E+01  0.190533E-01  0.107650E+01  0.578771E+00  0.107650E+01  0.578771E+00  0.333375E-06  0.320911E-06  0.193229E-06  0.644150E+02  0.343856E-06  0.332893E-06  0.208573E-06  0.180017E+03  0.167315E+00  0.375607E-02     11.832888     11.832888
WHP.TW.BHZ    WHP     TW BHZ     1   5  0.180375E+02  0.780975E+02  0.000000E+00  0.000000E+00  0.528125E-03  0.866356E+00  0.000000E+00  0.000000E+00 -0.325000E-01 -0.658163E+00  0.000000E+00  0.000000E+00  0.100000E+01  0.500000E+00  0.120382E-06  0.448987E-06  0.145982E-06  0.600925E+02  0.126834E-06  0.458585E-06  0.161941E-06  0.180017E+03  0.528125E-03  0.866356E+00     11.702857     12.678095
WHY.TW.BHN    WHY     TW BHN     1   7  0.270725E+02  0.552175E+02  0.233040E+01  0.167065E+01  0.000000E+00  0.000000E+00  0.301061E+01 -0.913743E+00  0.000000E+00  0.000000E+00  0.139938E+01  0.500000E+00  0.139938E+01  0.500000E+00  0.501870E-07  0.160498E-06  0.211333E-06  0.281775E+02  0.178678E-06  0.289921E-06  0.320418E-06  0.180017E+03  0.233040E+01  0.167065E+01     11.093333     12.383255
WLCH.TW.BHZ   WLCH    TW BHZ     1   7  0.202800E+02  0.530075E+02  0.594519E+00  0.758132E+00  0.684450E+00  0.722391E+00  0.109035E+01 -0.615597E+00  0.117000E+01 -0.600995E+00  0.100000E+01  0.500000E+00  0.100000E+01  0.500000E+00  0.334867E-08  0.111401E-07  0.444601E-08  0.327600E+02  0.177302E-06  0.144868E-06  0.306842E-06  0.180017E+03  0.594519E+00  0.758132E+00     13.480506     12.678095
WSL.TW.BHZ    WSL     TW BHZ     1   5  0.167375E+02  0.831025E+02  0.000000E+00  0.000000E+00  0.132031E-01  0.254220E-01  0.000000E+00  0.000000E+00  0.162500E+00 -0.112743E+00  0.000000E+00  0.000000E+00  0.100000E+01  0.500000E+00  0.268502E-06  0.336415E-06  0.618098E-07  0.663975E+02  0.275753E-06  0.343686E-06  0.732322E-07  0.180017E+03  0.132031E-01  0.254220E-01     12.678095     12.987317
WUSB.TW.BHN   WUSB    TW BHN     1   5  0.149500E+01  0.654225E+02  0.000000E+00  0.000000E+00  0.132031E-01  0.135064E-01  0.000000E+00  0.000000E+00  0.162500E+00 -0.821778E-01  0.000000E+00  0.000000E+00  0.100000E+01  0.500000E+00  0.403170E-06  0.475190E-06  0.524932E-07  0.639600E+02  0.417591E-06  0.486558E-06  0.700966E-07  0.180017E+03  0.132031E-01  0.135064E-01     14.391351     14.199466
YHNB.TW.BHE   YHNB    TW BHE     1   7  0.217425E+02  0.817375E+02  0.101009E+01  0.234002E-01  0.931612E+00  0.592090E-01  0.142116E+01  0.985770E-01  0.136500E+01  0.172060E+00  0.100000E+01  0.500000E+00  0.100000E+01  0.500000E+00  0.294831E-06  0.208989E-06  0.116610E-06  0.600275E+02  0.314312E-06  0.231964E-06  0.148020E-06  0.180017E+03  0.101009E+01  0.234002E-01     13.653333     17.458360
YHNB.TW.BHN   YHNB    TW BHN     1   5  0.352950E+02  0.555425E+02  0.000000E+00  0.000000E+00  0.322475E-02  0.525816E-01  0.000000E+00  0.000000E+00  0.975000E-01  0.294570E+00  0.000000E+00  0.000000E+00  0.121406E+01  0.908357E+00  0.100587E-07  0.558062E-08  0.409884E-08  0.202800E+02  0.887743E-07  0.511583E-07  0.670661E-07  0.180017E+03  0.322475E-02  0.525816E-01     19.017142     12.240919
YHNB.TW.BHZ   YHNB    TW BHZ     1   7  0.223925E+02  0.905450E+02  0.147567E+00  0.212947E-01  0.338000E-01  0.339257E-01  0.520994E+00  0.101621E+00  0.260000E+00  0.157646E+00  0.100000E+01  0.605207E+00  0.100000E+01  0.605207E+00  0.670554E-07  0.489220E-07  0.176496E-07  0.681850E+02  0.790252E-07  0.509180E-07  0.294936E-07  0.180017E+03  0.147567E+00  0.212947E-01     10.649600     15.661176
ZUZH.TW.BHZ   ZUZH    TW BHZ     1   7  0.285025E+02  0.759850E+02  0.402061E-01  0.941412E-01  0.760500E-01  0.839014E-01  0.263218E+00  0.326678E+00  0.390000E+00  0.319650E+00  0.100000E+01  0.780324E+00  0.100000E+01  0.780324E+00  0.745074E-08  0.393147E-08  0.247895E-08  0.475150E+02  0.499379E-07  0.458018E-07  0.313688E-07  0.180017E+03  0.402061E-01  0.941412E-01     10.978969     10.649600
ZUZH.TW.BHZ   ZUZH    TW BHZ     2   7  0.759850E+02  0.986050E+02  0.489637E-02  0.167620E-02  0.190125E-01  0.139610E-02 -0.981956E-01 -0.283099E-01 -0.195000E+00  0.264207E-01  0.100000E+01  0.500000E+00  0.100000E+01  0.500000E+00  0.264855E-07  0.251223E-07  0.255358E-08  0.226525E+02  0.499379E-07  0.458018E-07  0.313688E-07  0.180017E+03  0.489637E-02  0.167620E-02     11.832888     11.575652
