-300000 8900.000 5150.000 3633.001
-299500 8899.000 5149.430 3632.601
-299000 8898.000 5148.860 3632.200
-298500 8897.000 5148.290 3631.800
-298000 8896.000 5147.720 3631.400
-297500 8895.000 5147.150 3630.999
-297000 8894.000 5146.580 3630.599
-296500 8893.000 5146.010 3630.199
-296000 8892.000 5145.440 3629.798
-295500 8891.000 5144.870 3629.398
-295000 8890.000 5144.300 3628.998
-294500 8889.000 5143.730 3628.597
-294000 8888.000 5143.160 3628.197
-293500 8887.000 5142.590 3627.797
-293000 8886.000 5142.020 3627.396
-292500 8885.000 5141.450 3626.996
-292000 8884.000 5140.880 3626.596
-291500 8883.000 5140.310 3626.195
-291000 8882.000 5139.740 3625.795
-290500 8881.000 5139.170 3625.395
-290000 8880.000 5138.600 3624.994
-289500 8879.000 5138.030 3624.594
-289000 8878.000 5137.460 3624.194
-288500 8877.000 5136.890 3623.793
-288000 8876.000 5136.320 3623.393
-287500 8875.000 5135.750 3622.993
-287000 8874.000 5135.180 3622.592
-286500 8873.000 5134.610 3622.192
-286000 8872.000 5134.040 3621.792
-285500 8871.000 5133.470 3621.391
-285000 8870.000 5132.900 3620.991
-284500 8869.000 5132.330 3620.591
-284000 8868.000 5131.760 3620.190
-283500 8867.000 5131.190 3619.790
-283000 8866.000 5130.620 3619.390
-282500 8865.000 5130.050 3618.989
-282000 8864.000 5129.480 3618.589
-281500 8863.000 5128.910 3618.189
-281000 8862.000 5128.340 3617.788
-280500 8861.000 5127.770 3617.388
-280000 8860.000 5127.200 3616.988
-279500 8859.000 5126.630 3616.587
-279000 8858.000 5126.060 3616.187
-278500 8857.000 5125.490 3615.787
-278000 8856.000 5124.920 3615.386
-277500 8855.000 5124.350 3614.986
-277000 8854.000 5123.780 3614.586
-276500 8853.000 5123.210 3614.185
-276000 8852.000 5122.640 3613.785
-275500 8851.000 5122.070 3613.385
-275000 8850.000 5121.500 3612.984
-274500 8849.000 5120.930 3612.584
-274000 8848.000 5120.360 3612.184
-273500 8847.000 5119.790 3611.783
-273000 8846.000 5119.220 3611.383
-272500 8845.000 5118.650 3610.983
-272000 8844.000 5118.080 3610.582
-271500 8843.000 5117.510 3610.182
-271000 8842.000 5116.940 3609.782
-270500 8841.000 5116.370 3609.381
-270000 8840.000 5115.800 3608.981
-269500 8839.000 5115.230 3608.581
-269000 8838.000 5114.660 3608.180
-268500 8837.000 5114.090 3607.780
-268000 8836.000 5113.520 3607.380
-267500 8835.000 5112.950 3606.979
-267000 8834.000 5112.380 3606.579
-266500 8833.000 5111.810 3606.179
-266000 8832.000 5111.240 3605.778
-265500 8831.000 5110.670 3605.378
-265000 8830.000 5110.100 3604.978
-264500 8829.000 5109.530 3604.577
-264000 8828.000 5108.960 3604.177
-263500 8827.000 5108.390 3603.777
-263000 8826.000 5107.820 3603.376
-262500 8825.000 5107.250 3602.976
-262000 8824.000 5106.680 3602.576
-261500 8823.000 5106.110 3602.175
-261000 8822.000 5105.540 3601.775
-260500 8821.000 5104.970 3601.375
-260000 8820.000 5104.400 3600.974
-259500 8819.000 5103.830 3600.574
-259000 8818.000 5103.260 3600.174
-258500 8817.000 5102.690 3599.773
-258000 8816.000 5102.120 3599.373
-257500 8815.000 5101.550 3598.973
-257000 8814.000 5100.980 3598.572
-256500 8813.000 5100.410 3598.172
-256000 8812.000 5099.840 3597.772
-255500 8811.000 5099.270 3597.371
-255000 8810.000 5098.700 3596.971
-254500 8809.000 5098.130 3596.571
-254000 8808.000 5097.560 3596.170
-253500 8807.000 5096.990 3595.770
-253000 8806.000 5096.420 3595.370
-252500 8805.000 5095.850 3594.969
-252000 8804.000 5095.280 3594.569
-251500 8803.000 5094.710 3594.169
-251000 8802.000 5094.140 3593.768
-250500 8801.000 5093.570 3593.368
-250000 8800.000 5093.000 3592.968
-249500 8799.250 5092.560 3592.670
-249000 8798.500 5092.120 3592.373
-248500 8797.750 5091.680 3592.076
-248000 8797.000 5091.240 3591.779
-247500 8796.250 5090.800 3591.482
-247000 8795.500 5090.360 3591.185
-246500 8794.750 5089.920 3590.888
-246000 8794.000 5089.480 3590.591
-245500 8793.250 5089.040 3590.293
-245000 8792.500 5088.600 3589.996
-244500 8791.750 5088.160 3589.699
-244000 8791.000 5087.720 3589.402
-243500 8790.250 5087.280 3589.105
-243000 8789.500 5086.840 3588.808
-242500 8788.750 5086.400 3588.511
-242000 8788.000 5085.960 3588.213
-241500 8787.250 5085.520 3587.916
-241000 8786.500 5085.080 3587.619
-240500 8785.750 5084.640 3587.322
-240000 8785.000 5084.200 3587.025
-239500 8784.250 5083.760 3586.728
-239000 8783.500 5083.320 3586.431
-238500 8782.750 5082.880 3586.133
-238000 8782.000 5082.440 3585.836
-237500 8781.250 5082.000 3585.539
-237000 8780.500 5081.560 3585.242
-236500 8779.750 5081.120 3584.945
-236000 8779.000 5080.680 3584.648
-235500 8778.250 5080.240 3584.351
-235000 8777.500 5079.800 3584.053
-234500 8776.750 5079.360 3583.756
-234000 8776.000 5078.920 3583.459
-233500 8775.250 5078.480 3583.162
-233000 8774.500 5078.040 3582.865
-232500 8773.750 5077.600 3582.568
-232000 8773.000 5077.160 3582.271
-231500 8772.250 5076.720 3581.973
-231000 8771.500 5076.280 3581.676
-230500 8770.750 5075.840 3581.379
-230000 8770.000 5075.400 3581.082
-229500 8769.250 5074.960 3580.785
-229000 8768.500 5074.520 3580.488
-228500 8767.750 5074.080 3580.191
-228000 8767.000 5073.640 3579.893
-227500 8766.250 5073.200 3579.596
-227000 8765.500 5072.760 3579.299
-226500 8764.750 5072.320 3579.002
-226000 8764.000 5071.880 3578.705
-225500 8763.250 5071.440 3578.408
-225000 8762.500 5071.000 3578.111
-224500 8761.750 5070.560 3577.814
-224000 8761.000 5070.120 3577.516
-223500 8760.250 5069.680 3577.219
-223000 8759.500 5069.240 3576.922
-222500 8758.750 5068.800 3576.625
-222000 8758.000 5068.360 3576.328
-221500 8757.250 5067.920 3576.031
-221000 8756.500 5067.480 3575.734
-220500 8755.750 5067.040 3575.436
-220000 8755.000 5066.600 3575.139
-219500 8754.250 5066.160 3574.842
-219000 8753.500 5065.720 3574.545
-218500 8752.750 5065.280 3574.248
-218000 8752.000 5064.840 3573.951
-217500 8751.250 5064.400 3573.654
-217000 8750.500 5063.960 3573.356
-216500 8749.750 5063.520 3573.059
-216000 8749.000 5063.080 3572.762
-215500 8748.250 5062.640 3572.465
-215000 8747.500 5062.200 3572.168
-214500 8746.750 5061.760 3571.871
-214000 8746.000 5061.320 3571.574
-213500 8745.250 5060.880 3571.276
-213000 8744.500 5060.440 3570.979
-212500 8743.750 5060.000 3570.682
-212000 8743.000 5059.560 3570.385
-211500 8742.250 5059.120 3570.088
-211000 8741.500 5058.680 3569.791
-210500 8740.750 5058.240 3569.494
-210000 8740.000 5057.800 3569.196
-209500 8739.250 5057.360 3568.899
-209000 8738.500 5056.920 3568.602
-208500 8737.750 5056.480 3568.305
-208000 8737.000 5056.040 3568.008
-207500 8736.250 5055.600 3567.711
-207000 8735.500 5055.160 3567.414
-206500 8734.750 5054.720 3567.116
-206000 8734.000 5054.280 3566.819
-205500 8733.250 5053.840 3566.522
-205000 8732.500 5053.400 3566.225
-204500 8731.750 5052.960 3565.928
-204000 8731.000 5052.520 3565.631
-203500 8730.250 5052.080 3565.334
-203000 8729.500 5051.640 3565.037
-202500 8728.750 5051.200 3564.739
-202000 8728.000 5050.760 3564.442
-201500 8727.250 5050.320 3564.145
-201000 8726.500 5049.880 3563.848
-200500 8725.750 5049.440 3563.551
-200000 8725.000 5049.000 3563.254
-199500 8721.667 5047.067 3561.956
-199000 8718.333 5045.133 3560.657
-198500 8715.000 5043.200 3559.359
-198000 8711.667 5041.267 3558.061
-197500 8708.333 5039.333 3556.763
-197000 8705.000 5037.400 3555.465
-196500 8701.667 5035.467 3554.167
-196000 8698.333 5033.533 3552.869
-195500 8695.000 5031.600 3551.571
-195000 8691.667 5029.667 3550.272
-194500 8688.333 5027.733 3548.974
-194000 8685.000 5025.800 3547.676
-193500 8681.667 5023.867 3546.378
-193000 8678.333 5021.933 3545.080
-192500 8675.000 5020.000 3543.782
-192000 8671.667 5018.067 3542.484
-191500 8668.333 5016.133 3541.186
-191000 8665.000 5014.200 3539.887
-190500 8661.667 5012.267 3538.589
-190000 8658.333 5010.333 3537.291
-189500 8655.000 5008.400 3535.993
-189000 8651.667 5006.467 3534.695
-188500 8648.333 5004.533 3533.397
-188000 8645.000 5002.600 3532.099
-187500 8641.667 5000.667 3530.801
-187000 8638.333 4998.733 3529.502
-186500 8635.000 4996.800 3528.204
-186000 8631.667 4994.867 3526.906
-185500 8628.333 4992.933 3525.608
-185000 8625.000 4991.000 3524.310
-184500 8621.667 4989.067 3523.012
-184000 8618.333 4987.133 3521.714
-183500 8615.000 4985.200 3520.416
-183000 8611.667 4983.267 3519.118
-182500 8608.333 4981.333 3517.819
-182000 8605.000 4979.400 3516.521
-181500 8601.667 4977.467 3515.223
-181000 8598.333 4975.533 3513.925
-180500 8595.000 4973.600 3512.627
-180000 8591.667 4971.667 3511.329
-179500 8588.333 4969.733 3510.031
-179000 8585.000 4967.800 3508.733
-178500 8581.667 4965.867 3507.434
-178000 8578.333 4963.933 3506.136
-177500 8575.000 4962.000 3504.838
-177000 8571.667 4960.067 3503.540
-176500 8568.333 4958.133 3502.242
-176000 8565.000 4956.200 3500.944
-175500 8561.667 4954.267 3499.646
-175000 8558.333 4952.333 3498.348
-174500 8555.000 4950.400 3497.049
-174000 8551.667 4948.467 3495.751
-173500 8548.333 4946.533 3494.453
-173000 8545.000 4944.600 3493.155
-172500 8541.667 4942.667 3491.857
-172000 8538.333 4940.733 3490.559
-171500 8535.000 4938.800 3489.261
-171000 8531.667 4936.867 3487.963
-170500 8528.333 4934.933 3486.664
-170000 8525.000 4933.000 3485.366
-169500 8523.817 4932.317 3484.914
-169000 8522.633 4931.633 3484.461
-168500 8521.450 4930.950 3484.008
-168000 8520.267 4930.267 3483.556
-167500 8519.083 4929.583 3483.103
-167000 8517.900 4928.900 3482.650
-166500 8516.717 4928.217 3482.197
-166000 8515.533 4927.533 3481.745
-165500 8514.350 4926.850 3481.292
-165000 8513.167 4926.167 3480.839
-164500 8511.983 4925.483 3480.387
-164000 8510.800 4924.800 3479.934
-163500 8509.617 4924.117 3479.481
-163000 8508.433 4923.433 3479.029
-162500 8507.250 4922.750 3478.576
-162000 8506.067 4922.067 3478.123
-161500 8504.883 4921.383 3477.670
-161000 8503.700 4920.700 3477.218
-160500 8502.517 4920.017 3476.765
-160000 8501.333 4919.333 3476.312
-159500 8500.150 4918.650 3475.860
-159000 8498.967 4917.967 3475.407
-158500 8497.783 4917.283 3474.954
-158000 8496.600 4916.600 3474.502
-157500 8495.417 4915.917 3474.049
-157000 8494.233 4915.233 3473.596
-156500 8493.050 4914.550 3473.143
-156000 8491.867 4913.867 3472.691
-155500 8490.683 4913.183 3472.238
-155000 8489.500 4912.500 3471.785
-154500 8488.317 4911.817 3471.333
-154000 8487.133 4911.133 3470.880
-153500 8485.950 4910.450 3470.427
-153000 8484.767 4909.767 3469.975
-152500 8483.583 4909.083 3469.522
-152000 8482.400 4908.400 3469.069
-151500 8481.217 4907.717 3468.617
-151000 8480.033 4907.033 3468.164
-150500 8478.850 4906.350 3467.711
-150000 8477.667 4905.667 3467.258
-149500 8476.483 4904.983 3466.806
-149000 8475.300 4904.300 3466.353
-148500 8474.117 4903.617 3465.900
-148000 8472.933 4902.933 3465.448
-147500 8471.750 4902.250 3464.995
-147000 8470.567 4901.567 3464.542
-146500 8469.383 4900.883 3464.090
-146000 8468.200 4900.200 3463.637
-145500 8467.017 4899.517 3463.184
-145000 8465.833 4898.833 3462.731
-144500 8464.650 4898.150 3462.279
-144000 8463.467 4897.467 3461.826
-143500 8462.283 4896.783 3461.373
-143000 8461.100 4896.100 3460.921
-142500 8459.917 4895.417 3460.468
-142000 8458.733 4894.733 3460.015
-141500 8457.550 4894.050 3459.563
-141000 8456.367 4893.367 3459.110
-140500 8455.183 4892.683 3458.657
-140000 8454.000 4892.000 3458.204
-139500 8451.325 4890.450 3457.194
-139000 8448.650 4888.900 3456.183
-138500 8445.975 4887.350 3455.172
-138000 8443.300 4885.800 3454.161
-137500 8440.625 4884.250 3453.150
-137000 8437.950 4882.700 3452.140
-136500 8435.275 4881.150 3451.129
-136000 8432.600 4879.600 3450.118
-135500 8429.925 4878.050 3449.107
-135000 8427.250 4876.500 3448.096
-134500 8424.575 4874.950 3447.085
-134000 8421.900 4873.400 3446.075
-133500 8419.225 4871.850 3445.064
-133000 8416.550 4870.300 3444.053
-132500 8413.875 4868.750 3443.042
-132000 8411.200 4867.200 3442.031
-131500 8408.525 4865.650 3441.021
-131000 8405.850 4864.100 3440.010
-130500 8403.175 4862.550 3438.999
-130000 8400.500 4861.000 3437.988
-129500 8397.825 4859.450 3436.977
-129000 8395.150 4857.900 3435.966
-128500 8392.475 4856.350 3434.956
-128000 8389.800 4854.800 3433.945
-127500 8387.125 4853.250 3432.934
-127000 8384.450 4851.700 3431.923
-126500 8381.775 4850.150 3430.912
-126000 8379.100 4848.600 3429.901
-125500 8376.425 4847.050 3428.891
-125000 8373.750 4845.500 3427.880
-124500 8371.075 4843.950 3426.869
-124000 8368.400 4842.400 3425.858
-123500 8365.725 4840.850 3424.847
-123000 8363.050 4839.300 3423.837
-122500 8360.375 4837.750 3422.826
-122000 8357.700 4836.200 3421.815
-121500 8355.025 4834.650 3420.804
-121000 8352.350 4833.100 3419.793
-120500 8349.675 4831.550 3418.782
-120000 8347.000 4830.000 3417.772
-119500 8344.025 4828.300 3416.666
-119000 8341.050 4826.600 3415.560
-118500 8338.075 4824.900 3414.454
-118000 8335.100 4823.200 3413.348
-117500 8332.125 4821.500 3412.242
-117000 8329.150 4819.800 3411.136
-116500 8326.175 4818.100 3410.030
-116000 8323.200 4816.400 3408.924
-115500 8320.225 4814.700 3407.818
-115000 8317.250 4813.000 3406.712
-114500 8314.275 4811.300 3405.606
-114000 8311.300 4809.600 3404.500
-113500 8308.325 4807.900 3403.394
-113000 8305.350 4806.200 3402.288
-112500 8302.375 4804.500 3401.182
-112000 8299.400 4802.800 3400.076
-111500 8296.425 4801.100 3398.970
-111000 8293.450 4799.400 3397.864
-110500 8290.475 4797.700 3396.758
-110000 8287.500 4796.000 3395.652
-109500 8284.525 4794.300 3394.546
-109000 8281.550 4792.600 3393.440
-108500 8278.575 4790.900 3392.334
-108000 8275.600 4789.200 3391.228
-107500 8272.625 4787.500 3390.122
-107000 8269.650 4785.800 3389.016
-106500 8266.675 4784.100 3387.910
-106000 8263.700 4782.400 3386.804
-105500 8260.725 4780.700 3385.698
-105000 8257.750 4779.000 3384.592
-104500 8254.775 4777.300 3383.486
-104000 8251.800 4775.600 3382.380
-103500 8248.825 4773.900 3381.274
-103000 8245.850 4772.200 3380.168
-102500 8242.875 4770.500 3379.063
-102000 8239.900 4768.800 3377.957
-101500 8236.925 4767.100 3376.851
-101000 8233.950 4765.400 3375.745
-100500 8230.975 4763.700 3374.639
-100000 8228.000 4762.000 3373.533
-99500 8224.700 4760.050 3372.323
-99000 8221.400 4758.100 3371.113
-98500 8218.100 4756.150 3369.903
-98000 8214.800 4754.200 3368.693
-97500 8211.500 4752.250 3367.484
-97000 8208.200 4750.300 3366.274
-96500 8204.900 4748.350 3365.064
-96000 8201.600 4746.400 3363.854
-95500 8198.300 4744.450 3362.645
-95000 8195.000 4742.500 3361.435
-94500 8191.700 4740.550 3360.225
-94000 8188.400 4738.600 3359.015
-93500 8185.100 4736.650 3357.805
-93000 8181.800 4734.700 3356.596
-92500 8178.500 4732.750 3355.386
-92000 8175.200 4730.800 3354.176
-91500 8171.900 4728.850 3352.966
-91000 8168.600 4726.900 3351.756
-90500 8165.300 4724.950 3350.547
-90000 8162.000 4723.000 3349.337
-89500 8158.900 4721.250 3348.212
-89000 8155.800 4719.500 3347.087
-88500 8152.700 4717.750 3345.961
-88000 8149.600 4716.000 3344.836
-87500 8146.500 4714.250 3343.711
-87000 8143.400 4712.500 3342.586
-86500 8140.300 4710.750 3341.461
-86000 8137.200 4709.000 3340.336
-85500 8134.100 4707.250 3339.210
-85000 8131.000 4705.500 3338.085
-84500 8127.900 4703.750 3336.960
-84000 8124.800 4702.000 3335.835
-83500 8121.700 4700.250 3334.710
-83000 8118.600 4698.500 3333.585
-82500 8115.500 4696.750 3332.460
-82000 8112.400 4695.000 3331.334
-81500 8109.300 4693.250 3330.209
-81000 8106.200 4691.500 3329.084
-80500 8103.100 4689.750 3327.959
-80000 8100.000 4688.000 3326.834
-79500 8096.950 4686.200 3325.738
-79000 8093.900 4684.400 3324.641
-78500 8090.850 4682.600 3323.545
-78000 8087.800 4680.800 3322.449
-77500 8084.750 4679.000 3321.353
-77000 8081.700 4677.200 3320.257
-76500 8078.650 4675.400 3319.161
-76000 8075.600 4673.600 3318.065
-75500 8072.550 4671.800 3316.969
-75000 8069.500 4670.000 3315.873
-74500 8066.450 4668.200 3314.776
-74000 8063.400 4666.400 3313.680
-73500 8060.350 4664.600 3312.584
-73000 8057.300 4662.800 3311.488
-72500 8054.250 4661.000 3310.392
-72000 8051.200 4659.200 3309.296
-71500 8048.150 4657.400 3308.200
-71000 8045.100 4655.600 3307.104
-70500 8042.050 4653.800 3306.007
-70000 8039.000 4652.000 3304.911
-69500 8034.800 4649.600 3303.415
-69000 8030.600 4647.200 3301.918
-68500 8026.400 4644.800 3300.421
-68000 8022.200 4642.400 3298.925
-67500 8018.000 4640.000 3297.428
-67000 8013.800 4637.600 3295.931
-66500 8009.600 4635.200 3294.435
-66000 8005.400 4632.800 3292.938
-65500 8001.200 4630.400 3291.441
-65000 7997.000 4628.000 3289.945
-64500 7992.800 4625.600 3288.458
-64000 7988.600 4623.200 3286.972
-63500 7984.400 4620.800 3285.486
-63000 7980.200 4618.400 3284.000
-62500 7976.000 4616.000 3282.514
-62000 7971.800 4613.600 3281.028
-61500 7967.600 4611.200 3279.542
-61000 7963.400 4608.800 3278.055
-60500 7959.200 4606.400 3276.569
-60000 7955.000 4604.000 3275.083
-59500 7950.800 4601.500 3273.608
-59000 7946.600 4599.000 3272.132
-58500 7942.400 4596.500 3270.657
-58000 7938.200 4594.000 3269.181
-57500 7934.000 4591.500 3267.706
-57000 7929.800 4589.000 3266.230
-56500 7925.600 4586.500 3264.755
-56000 7921.400 4584.000 3263.279
-55500 7917.200 4581.500 3261.804
-55000 7913.000 4579.000 3260.328
-54500 7908.800 4576.600 3258.863
-54000 7904.600 4574.200 3257.399
-53500 7900.400 4571.800 3255.934
-53000 7896.200 4569.400 3254.469
-52500 7892.000 4567.000 3253.005
-52000 7887.800 4564.600 3251.540
-51500 7883.600 4562.200 3250.075
-51000 7879.400 4559.800 3248.610
-50500 7875.200 4557.400 3247.146
-50000 7871.000 4555.000 3245.681
-49500 7855.300 4545.900 3240.303
-49000 7839.600 4536.800 3234.925
-48500 7823.900 4527.700 3229.547
-48000 7808.200 4518.600 3224.169
-47500 7792.500 4509.500 3218.791
-47000 7776.800 4500.400 3213.413
-46500 7761.100 4491.300 3208.035
-46000 7745.400 4482.200 3202.657
-45500 7729.700 4473.100 3197.279
-45000 7714.000 4464.000 3191.901
-44500 7698.200 4454.900 3186.648
-44000 7682.400 4445.800 3181.395
-43500 7666.600 4436.700 3176.142
-43000 7650.800 4427.600 3170.890
-42500 7635.000 4418.500 3165.637
-42000 7619.200 4409.400 3160.384
-41500 7603.400 4400.300 3155.131
-41000 7587.600 4391.200 3149.878
-40500 7571.800 4382.100 3144.626
-40000 7556.000 4373.000 3139.373
-39500 7540.200 4363.800 3134.286
-39000 7524.400 4354.600 3129.199
-38500 7508.600 4345.400 3124.112
-38000 7492.800 4336.200 3119.025
-37500 7477.000 4327.000 3113.938
-37000 7461.200 4317.800 3108.850
-36500 7445.400 4308.600 3103.763
-36000 7429.600 4299.400 3098.676
-35500 7413.800 4290.200 3093.589
-35000 7398.000 4281.000 3088.502
-34500 7357.900 4257.900 3076.370
-34000 7317.800 4234.800 3064.238
-33500 7277.700 4211.700 3052.105
-33000 7237.600 4188.600 3039.973
-32500 7197.500 4165.500 3027.840
-32000 7157.400 4142.400 3015.708
-31500 7117.300 4119.300 3003.576
-31000 7077.200 4096.200 2991.443
-30500 7037.100 4073.100 2979.311
-30000 6997.000 4050.000 2967.179
-29500 6963.500 4030.500 2957.936
-29000 6930.000 4011.000 2948.694
-28500 6896.500 3991.500 2939.451
-28000 6863.000 3972.000 2930.209
-27500 6829.500 3952.500 2920.967
-27000 6796.000 3933.000 2911.724
-26500 6762.500 3913.500 2902.482
-26000 6729.000 3894.000 2893.239
-25500 6695.500 3874.500 2883.997
-25000 6662.000 3855.000 2874.755
-24500 6634.100 3838.900 2867.695
-24000 6606.200 3822.800 2860.635
-23500 6578.300 3806.700 2853.575
-23000 6550.400 3790.600 2846.515
-22500 6522.500 3774.500 2839.455
-22000 6494.600 3758.400 2832.395
-21500 6466.700 3742.300 2825.336
-21000 6438.800 3726.200 2818.276
-20500 6410.900 3710.100 2811.216
-20000 6383.000 3694.000 2804.156
-19500 6348.900 3674.300 2796.313
-19000 6314.800 3654.600 2788.471
-18500 6280.700 3634.900 2780.628
-18000 6246.600 3615.200 2772.785
-17500 6212.500 3595.500 2764.942
-17000 6178.400 3575.800 2757.100
-16500 6144.300 3556.100 2749.257
-16000 6110.200 3536.400 2741.414
-15500 6076.100 3516.700 2733.571
-15000 6042.000 3497.000 2725.729
-14500 6003.600 3474.700 2717.896
-14000 5965.200 3452.400 2710.063
-13500 5926.800 3430.100 2702.230
-13000 5888.400 3407.800 2694.398
-12500 5850.000 3385.500 2686.565
-12000 5811.600 3363.200 2678.732
-11500 5773.200 3340.900 2670.899
-11000 5734.800 3318.600 2663.067
-10500 5696.400 3296.300 2655.234
-10000 5658.000 3274.000 2647.401
-9500 5591.875 3235.750 2635.850
-9000 5525.750 3197.500 2624.298
-8500 5459.625 3159.250 2612.747
-8000 5393.500 3121.000 2601.196
-7500 5327.375 3082.750 2589.645
-7000 5261.250 3044.500 2578.093
-6500 5195.125 3006.250 2566.542
-6000 5129.000 2968.000 2554.991
-5500 5048.833 2921.667 2542.978
-5000 4968.667 2875.333 2530.966
-4500 4888.500 2829.000 2518.954
-4000 4808.333 2782.667 2506.941
-3500 4728.167 2736.333 2494.929
-3000 4648.000 2690.000 2482.916
-2500 4547.400 2631.800 2469.024
-2000 4446.800 2573.600 2455.131
-1500 4346.200 2515.400 2441.238
-1000 4245.600 2457.200 2427.345
-500 4145.000 2399.000 2413.452
0 3847.000 2226.000 2371.579
500 3762.300 2177.000 2356.807
1000 3677.600 2128.000 2342.035
1500 3592.900 2079.000 2327.263
2000 3508.200 2030.000 2312.491
2500 3423.500 1981.000 2297.719
3000 3338.800 1932.000 2282.946
3500 3254.100 1883.000 2268.174
4000 3169.400 1834.000 2253.402
4500 3084.700 1785.000 2238.630
5000 3000.000 1736.000 2223.858
