ALSB 120.8134 23.5083 2413.0
ANP 121.5292 25.1827 826.0
BGSB 120.6106 24.0570 107.0
CHGB 121.174 24.0602 1846.5
CHKB 121.3730 23.0978 34.0
CHKH 121.3957 23.1917 7.0
CHY 120.4325 23.4963 27.0
DPDB 120.9264 24.0334 650.0
DYSB 121.4049 24.8208 1000.0
EAH 121.7393 24.3293 51.0
EASB 120.8564 22.3820 445.0
ECL 120.9617 22.5958 101.0
ECLB 120.9620 22.5960 70.0
EDH 121.3039 22.9725 79.0
EGFH 121.4274 23.6688 132.0
EHD 121.2061 23.1488 322.0
EHYH 121.3451 23.4938 168.3
ELD 121.025 23.1864 1040.0
ELDB 121.0250 23.1871 1040.0
ENAH 121.8102 24.4494 4.0
ENLB 121.6017 23.9036 71.0
EOS1 122.1284 24.5494 -278.0
ESA 121.8439 24.57557 33.3
ESLB 121.4415 23.8121 178.0
ETLH 121.4818 24.2068 969.0
EWT 121.7783 24.445 37.0
EYUL 121.3191 23.3472 165.0
FULB 121.2939 23.1986 376.0
FUSB 121.5875 24.7597 690.0
FUSS 121.2438 24.2476 2247.0
GWUB 121.1131 24.5059 2159.0
HGSD 121.4239 23.4921 134.8
HOPB 121.6929 24.3328 160.0
HSN 121.0142 24.8281 34.0
HSNB 121.0143 24.8282 34.0
HSNH 121.0143 24.8282 -176.0
HWA 121.6135 23.9751 16.0
HWLB 121.61384 23.97471 66.9
ICHU 120.2793 23.3606 37.0
ILA 121.7563 24.7638 7.0
JIGB 121.0049 23.9601 680.0
KMNB 118.3882 24.4638 65.6
KSHI 121.176 24.7766 168.0
LATB 121.5264 24.5353 1020.0
LAY 121.5581 22.0373 324.0
LAYB 121.5581 22.0373 324.0
LDU 121.4693 22.6733 23.0
LIOB 121.0162 24.6469 330.0
LONT 121.1299 22.9064 210.0
LXI1 121.42451 24.00924 461.6
LXIB 121.4133 24.0211 1327.0
LYUB 121.5121 22.0485 45.3
MASB 120.6326 22.6109 105.9
MATB 119.929 26.1402 40.0
NACB 121.5947 24.1738 215.0
NANB 121.7498 24.4275 112.0
NCUH 121.1849 24.9679 153.0
NDS 121.7168 24.634 150.0
NDT 121.5128 24.6025 439.0
NFF 121.1177 24.6319 655.0
NHDH 121.525 24.963 41.0
NMLH 120.791 24.5372 201.0
NNSB 121.3828 24.4284 1144.5
NNSH 121.3829 24.4284 1106.0
NTC 121.8297 24.8544 4.0
NTS 121.4492 25.1644 16.0
NWF 121.7816 25.0715 766.0
NWL 121.5025 24.7772 397.0
OWD 121.1759 23.9545 1263.0
PCYB 122.0799 25.6280 102.0
PHUB 119.5801 23.5114 64.8
PNG 119.5636 23.5653 19.0
PTSB 120.7048 24.4469 202.0
RLNB 120.3594 23.8911 63.1
SANB 120.9858 24.3978 1354.0
SBCB 120.9854 24.7924 141.5
SCK 120.0865 23.1467 36.0
SCS 120.4938 22.8856 70.0
SCZB 120.6282 22.3703 73.6
SGSB 120.5908 23.0804 278.0
SHH 120.3479 23.0213 86.0
SHUL 121.5627 23.7875 35.3
SLBB 121.6356 24.7538 490.0
SLG 120.6463 22.9934 255.0
SLIU 120.799 22.2162 197.0
SMG 120.6448 22.7054 145.0
SMS 120.837 22.0204 53.0
SNJ 120.3352 22.7533 21.0
SNS 120.4973 23.2198 156.0
SSLB 120.954 23.7876 516.0
SSP 120.5681 22.4835 16.0
STYH 120.7811 23.1794 5.0
SXI1 121.8754 25.0942 744.5
SYNB 120.9862 23.2482 2352.0
TAIB 120.2364 23.0379 8.0
TAIH 120.2364 23.0379 -202.0
TAP 121.5138 25.0377 15.0
TATO 121.49710 24.97350 77.1
TAWH 120.8878 22.3397 36.0
TDCB 121.1583 24.2527 1308.4
TIPB 121.8256 24.9719 393.0
TPUB 120.6296 23.3005 398.9
TTN 121.1549 22.7524 9.0
TUIB 121.94189 24.83845 23.0
TWBB 121.9972 25.0068 130.0
TWGB 121.0799 22.8177 289.9
TWHB 121.4840 22.6750 50.0
TWKB 120.8125 21.9409 142.5
TWMB 120.4306 22.8214 340.0
VCHM 119.4295 23.2087 60.0
VDOS 116.7306 20.7010 38.0
VNAS 114.3650 10.3774 2.0
VWDT 121.1412 23.7537 0.0
VWUC 119.4492 24.9911 42.0
WARB 121.3862 23.7178 331.4
WCHH 120.5583 24.0795 34.0
WCKO 120.6047 23.4385 241.0
WCS 120.9116 24.0566 102.0
WDJ 120.6403 24.3478 107.0
WDLH 120.5381 23.6888 69.0
WFSB 121.7816 25.0715 775.3
WGKB 120.5703 23.6844 75.0
WHP 120.9458 24.2777 954.0
WHY 120.8532 23.6961 504.0
WJS 120.7279 23.8219 175.0
WLCB 120.3691 22.3468 38.0
WLCH 120.3788 22.3508 14.0
WLGB 120.2999 23.4777 16.0
WLTB 121.2524 24.8526 27.0
WRL 120.3781 23.9026 98.0
WSL 120.2278 23.5226 455.0
WSSB 120.2618 22.6418 352.0
WTK 120.3886 23.6877 42.0
WUSB 121.1175 23.9919 1552.4
YD07 121.6200 25.1756 411.0
YHNB 121.3757 24.6695 777.2
YNGF 123.0070 24.4550 83.0
YULB 121.2971 23.3925 376.1
ZUZH 121.5447 25.1621 470.0
